0:219.746;220.137;321.329;421.211;418.586;419.771;320.578;420.958;220.62;320.908;521.046;521.392;321.288;321.406;521.159;320.556;421.044;321.601;321.535;221.688;
1:423.866;722.727;623.411;823.656;623.659;620.944;623.401;323.594;723.746;423.888;723.535;723.559;423.997;723.35;523.993;523.767;524.083;523.916;523.533;623.506;
2:324.985;424.979;224.979;424.985;124.987;324.985;324.989;424.99;524.99;324.988;424.984;524.986;524.987;524.988;324.98;324.985;424.982;524.99;524.986;424.984;
3:207.11;416.693;316.97;514.663;416.28;511.326;515.737;309.506;316.833;205.957;514.468;315.409;509.299;415.053;316.567;410.899;515.142;412.766;416.007;412.686;
4:416.791;517.789;417.398;517.303;418.043;519.427;318.64;319.918;319.608;420.39;319.323;420.12;520.667;321.081;321.624;321.532;320.357;221.556;321.917;322.094;
5:124.911;224.913;224.905;224.895;224.779;224.902;224.888;124.918;324.924;224.842;224.898;324.903;224.865;324.799;224.884;124.899;224.902;224.9;424.874;124.903;
6:422.486;522.304;422.889;522.676;520.334;521.997;522.707;622.547;521.878;622.046;522.533;620.827;422.765;521.384;620.16;521.247;521.362;422.423;520.989;521.765;
7:316.907;417.199;517.244;617.483;518.196;618.198;518.654;619.323;617.507;719.262;819.483;519.941;720.538;921.192;720.342;721.172;721.394;821.337;821.864;822.171;
8:423.218;523.073;423.306;423.323;423.125;422.527;622.876;322.996;523.146;422.522;522.884;422.452;523.066;423.192;521.898;523.159;523.091;422.655;422.818;422.137;
9:424.994;524.995;524.994;524.992;524.994;524.991;524.994;624.992;424.992;824.995;524.995;424.992;524.992;524.99;424.995;524.991;524.992;524.831;624.988;424.991;
10:423.762;624.403;523.579;524.373;524.198;624.387;424.366;523.313;724.422;724.074;724.334;524.288;724.007;724.307;824.387;823.979;824.277;824.285;724.333;624.32;
11:724.974;924.976;1024.97;924.976;924.976;924.974;924.975;1022.58;824.979;824.977;924.979;824.981;924.982;924.982;924.983;924.984;924.984;1020.99;924.983;824.982;
12:519.979;520.031;521.393;620.236;820.348;521.045;621.866;721.717;621.391;621.221;621.794;721.747;721.898;521.887;422.078;521.579;621.828;721.359;622.202;621.897;
13:124.349;224.434;224.177;224.236;224.414;324.128;424.403;224.318;324.212;324.503;324.354;224.187;324.253;324.342;224.357;124.972;224.54;224.374;324.558;324.659;
14:414.412;615.735;615.228;514.388;514.741;613.963;514.03;514.069;613.525;515.555;515.637;516.024;517.335;617.278;517.986;617.73;517.914;718.099;517.763;618.403;
15:306.834;505.62;409.651;314.467;408.038;313.776;315.327;312.236;312.761;315.445;411.046;408.078;404.773;407.726;407.248;413.663;310.593;408.418;411.216;408.726;
16:100.186;100.201;100.165;100.155;0.879521;0.75452;0.953985;100.213;100.244;1.02314;100.177;0.943389;0.972452;100.918;0.874963;100.439;101.125;1.13265;100.161;100.263;
17:207.144;308.215;206.693;507.527;307.764;407.658;409.049;209.59;409.659;309.272;209.845;309.848;210.195;307.742;310.158;310.361;409.595;310.487;310.052;310.067;
18:121.996;322.413;621.265;323.829;622.936;622.886;722.914;523.051;623.011;622.131;623.174;721.552;623.29;623.822;822.775;623.9;723.936;524.174;723.762;722.967;
19:324.138;724.301;624.224;623.98;724.226;824.142;624.265;624.33;624.376;624.281;524.324;624.493;524.516;523.677;523.914;723.928;523.811;723.634;523.549;623.709;
20:417.146;515.869;514.127;515.969;513.049;514.926;516.892;515.361;515.69;515.905;616.167;613.58;615.156;616.071;515.902;419.085;419.301;518.004;717.285;619.086;
21:421.795;620.583;619.36;718.609;719.708;720.071;719.76;620.577;620.902;621.194;720.282;620.526;717.525;521.467;620.887;621.376;621.483;621.924;720.9;622.731;
22:523.343;724.358;822.342;824.225;824.165;721.931;724.065;722.096;824.033;823.054;823.574;924.189;923.556;824.169;924.189;822.899;724.477;724.12;724.225;723.83;
23:316.331;315.888;416.819;315.993;415.273;315.415;415.923;416.411;416.951;317.576;417.829;318.893;320.075;418.529;518.521;319.742;419.102;519.08;419.213;520.082;
24:424.415;424.493;724.625;824.638;724.583;624.377;824.538;724.532;524.539;524.574;724.545;424.618;524.508;324.687;424.683;724.575;424.675;724.496;624.613;624.47;
25:308.562;209.331;109.576;208.806;110.307;108.902;109.152;108.943;210.896;210.501;112.622;212.659;112.76;115.365;113.716;114.914;114.697;213.906;115.286;112.226;
26:524.938;624.944;524.945;624.951;624.958;724.961;624.965;524.955;624.959;424.963;624.958;624.963;624.962;624.971;624.972;524.974;824.973;624.976;624.976;624.976;
27:418.4;517.988;517.569;517.263;516.544;618.853;518.11;617.582;720.301;618.259;618.21;519.398;414.925;516.989;315.891;515.859;416.383;416.831;620.382;517.635;
28:624.857;624.874;624.891;824.879;624.879;624.909;724.877;524.904;724.909;724.9;824.929;624.887;724.925;724.92;724.878;524.913;724.946;624.901;724.936;724.955;
29:318.566;324.287;422.553;324.435;424.428;522.615;424.397;324.306;424.247;424.107;423.821;324.317;324.171;424.177;324.295;724.253;418.257;324.102;724.017;418.531;
30:223.77;523.755;523.467;522.599;423.057;523.141;422.878;323.31;423.199;423.4;523.305;522.968;523.545;623.082;723.185;623.022;623.296;622.864;622.879;623.505;
31:519.352;317.961;419.594;418.357;517.254;519.186;320.75;421.038;620.825;620.617;421.062;621.008;520.223;619.952;620.697;420.951;520.897;421.665;519.755;420.251;
32:321.225;121.812;221.915;122.383;122.357;121.442;122.49;121.792;123.042;122.155;122.596;122.744;222.154;122.831;123.256;23.165;122.43;122.811;122.343;123.046;
33:724.674;924.742;924.694;824.757;924.816;1024.76;924.738;924.835;924.836;924.816;824.892;824.872;824.883;924.885;824.932;824.933;824.895;824.866;824.929;924.895;
34:519.377;521.307;620.221;618.789;517.578;619.448;720.854;417.56;720.239;619.038;418.107;620.798;520.61;517.775;520.465;520.768;820.364;819.329;719.252;315.923;
35:124.537;124.682;224.83;424.698;424.65;524.527;524.425;724.289;724.419;724.32;724.27;624.641;624.645;524.56;624.306;624.244;824.125;724.083;624.607;724.225;
36:312.358;213.852;311.765;313.102;214.899;412.92;113.851;512.582;412.915;411.173;413.098;313.205;312.458;314.174;514.129;513.745;414.238;413.018;513.884;510.943;
37:324.461;724.454;624.419;624.492;524.246;524.263;524.151;624.321;624.322;624.323;524.26;824.464;824.438;724.315;624.431;824.431;724.425;624.231;624.275;824.333;
38:324.899;524.882;624.883;524.898;824.892;724.894;524.891;724.876;724.884;424.938;824.899;624.919;924.906;624.933;524.931;824.903;824.912;624.911;824.909;824.902;
39:118.708;117.753;119.428;219.03;319.53;218.601;208.539;118.591;213.205;118.892;117.708;120.013;118.578;117.257;119.548;212.76;217.59;317.812;317.42;118.841;
40:218.277;218.433;218.925;217.625;218.7;219.163;217.65;219.3;318.304;219.029;318.453;318.466;218.526;219.596;218.827;219.277;219.241;318.99;218.723;219.721;
41:209.984;408.932;308.943;308.05;410.662;409.558;208.649;308;309.866;310.501;408.854;306.88;309.892;511.542;310.411;409.278;311.213;510.818;212.001;409.008;
42:322.95;423.114;622.847;523.109;623.556;823.478;723.511;723.616;723.732;623.81;521.422;521.985;623.668;622.229;523.585;823.594;423.498;721.605;623.203;522.646;
43:523.289;622.949;422.72;422.684;522.334;522.115;521.881;522.787;621.69;523.22;522.966;521.34;622.442;422.975;321.658;423.099;622.602;521.812;422.895;323.179;
44:115.795;116.196;216.67;214.909;116.545;117.29;115.016;214.953;118.588;216.089;118.936;116.268;118.424;214.275;119.056;118.838;119.168;115.963;115.523;115.197;
45:221.339;221.882;321.545;221.684;321.627;421.95;321.134;221.541;321.64;321.306;321.568;420.953;321.671;321.429;421.434;321.426;321.459;321.857;221.406;221.953;
46:215.565;215.374;214.884;115.27;214.442;214.628;214.255;313.751;213.619;314.159;115.638;313.589;215.001;215.548;214.542;214.465;214.889;314.41;115.749;414.688;
47:217.283;218.976;119.396;218.055;217.777;220.226;120.618;119.456;121.215;118.341;118.897;121.07;120.691;119.683;218.554;118.59;221.333;120.975;221.532;220.538;
48:222.616;322.386;222.621;322.623;418.962;322.617;322.942;318.557;422.338;421.609;423.188;323.058;323.102;423.122;422.686;323.223;323.272;323.551;322.854;322.674;
49:209.067;310.402;311.297;409.275;208.914;310.351;211.804;209.763;310.118;210.454;309.668;211.22;310.512;309.479;310.894;411.709;311.782;211.173;311.958;311.833;
50:724.891;824.88;924.892;1018.13;824.907;924.907;1023.96;824.92;924.916;924.924;924.922;924.915;924.916;824.928;924.925;824.925;924.926;824.938;824.947;824.958;
51:422.724;423.164;522.844;523.209;523.75;522.784;622.717;523.988;423.309;722.967;522.253;522.503;522.212;723.741;522.267;622.867;723.011;722.331;523.377;321.822;
52:224.989;224.994;324.933;224.969;424.955;224.986;324.972;324.969;324.978;324.948;224.973;524.902;424.929;224.985;324.962;424.962;324.946;324.956;224.96;324.953;
53:223.652;323.402;223.814;223.854;223.824;223.751;223.816;124.165;323.85;224.157;224.041;223.928;323.842;223.712;224.375;324.196;223.929;224.27;424.213;424.14;
54:124.583;324.674;324.743;324.686;324.726;324.667;424.759;324.775;424.745;424.708;324.76;324.722;724.705;424.701;524.691;624.71;524.632;424.702;424.679;524.674;
55:422.184;723.966;624.212;723.579;623.673;623.609;624.28;824.273;724.157;824.002;724.384;524.374;524.291;623.179;723.421;722.184;723.2;723.352;623.384;722.841;
56:424.95;724.944;824.939;824.938;724.936;924.941;724.95;924.943;724.945;824.938;724.942;624.943;624.956;824.956;724.961;724.961;824.954;724.957;824.958;724.964;
57:223.806;621.098;523.256;623.002;521.2;621.692;720.687;821.774;623.115;622.411;522.118;720.735;622.533;519.866;617.057;620.668;521.35;621.559;521.334;518.809;
58:221.199;522.855;323.493;423.562;523.682;123.139;323.553;322.901;322.978;223.053;423.024;322.609;623.851;322.411;423.05;623.899;324.278;324.26;424.287;322.8;
59:524.48;724.592;524.523;424.462;424.481;524.156;624.459;324.525;524.444;424.739;524.326;624.538;624.342;524.818;524.67;624.246;524.484;524.386;521.974;423.688;
60:224.919;124.839;24.9347;24.9333;24.9436;124.937;124.934;124.934;124.938;124.938;124.94;124.825;124.949;124.882;124.928;24.9624;124.955;124.82;24.9651;24.9694;
61:509.273;416.149;222.234;421.283;422.01;522.039;720.381;621.446;621.85;722.45;722.391;621.818;621.643;722.058;622.355;722.512;621.883;622.816;422.873;722.875;
62:413.436;213.878;614.769;414.057;314.252;314.082;414.656;414.181;414.497;413.516;313.4;413.745;412.537;413.418;410.467;312.493;412.13;412.389;614.54;311.182;
63:105.139;109.585;14.5728;13.3777;104.306;13.4358;105.524;104.707;12.7988;111.993;105.012;112.555;16.2707;15.0181;17.9866;112.794;114.436;114.637;115.829;17.544;
64:219.428;419.68;319.399;619.438;720.149;519.483;420.073;419.393;419.685;515.519;416.605;321.457;520.875;420.322;320.23;621.437;520.871;511.911;421.287;420.176;
65:123.362;123.903;123.424;24.1137;124.013;124.186;124.204;124.054;124.261;123.821;123.987;24.4496;124.351;124.583;124.276;124.404;124.447;24.6265;24.5826;124.594;
66:324.881;1023.25;624.886;624.898;724.896;824.905;824.897;824.886;724.892;824.891;724.892;724.889;724.904;924.857;724.893;824.888;824.878;824.856;724.88;724.878;
67:216.496;116.464;116.359;116.648;117.136;217.512;118.285;118.002;218.208;117.879;118.287;218.517;119.503;319.712;119.798;119.715;119.74;119.777;119.537;218.301;
68:423.158;523.245;722.937;723.006;823.128;623.058;723.011;723.3;922.839;822.832;723.09;723.29;922.955;723.155;623.44;723.392;723.389;723.374;923.516;723.567;
69:124.926;224.934;224.93;224.936;124.954;224.953;124.962;224.962;124.978;224.936;324.934;424.958;424.954;224.98;324.968;424.973;424.963;424.972;224.979;324.974;
70:423.993;824.018;624.144;524.168;723.879;724.172;824.339;624.17;823.707;624.317;723.903;624.108;524.476;724.318;524.409;624.04;524.461;624.347;624.297;824.486;
71:222.798;223.146;320.523;321.634;320.865;222.759;222.452;322.387;222.92;223.167;323.734;423.839;322.5;322.998;421.736;623.147;423.119;423.284;323.18;422.536;
72:407.324;408.084;508.302;507.694;307.704;206.916;207.853;308.337;307.453;408.812;507.533;308.592;409.053;407.961;303.854;506.699;510.122;509.835;409.445;509.155;
73:322.267;421.89;518.171;320.648;421.634;522.099;321.305;308.826;611.658;422.383;613.406;322.718;510.523;522.026;522.086;410.182;422.204;313.783;617.148;422.375;
74:423.449;823.975;723.949;723.457;823.895;623.602;623.725;923.921;723.621;724.085;624.175;923.988;624.1;823.973;824.044;923.82;623.774;723.762;724.116;723.454;
75:421.414;421.503;321.483;521.21;421.542;520.789;521.5;521.304;321.775;621.445;521.994;621.345;620.819;421.584;621.634;421.825;620.849;520.299;521.508;521.726;
76:624.09;624.025;724.109;523.962;723.869;524.007;624.129;623.945;524.139;524.22;624.452;724.143;724.253;424.396;524.406;524.102;524.374;524.135;624.256;824.364;
77:320.238;510.29;519.7;516.259;613.492;408.192;512.545;420.13;409.302;520.375;511.53;514.868;310.638;320.581;211.492;218.957;220.294;219.494;208.532;204.206;
78:317.585;416.782;318.751;418.112;517.867;419.686;617.577;518;517.171;517.821;617.909;716.838;617.4;816.765;716.947;717.771;619.043;719.376;719.435;819.003;
79:316.003;422.145;521.254;719.782;521.119;519.788;620.662;721.681;518.77;620.445;520.149;519.297;520.25;619.513;618.746;619.655;619.779;519.466;519.438;617.338;
80:308.105;407.503;407.246;406.358;407.837;305.083;506.631;407.759;409.098;508.232;406.695;508.669;608.505;408.66;406.263;405.77;408.872;508.519;407.6;307.032;
81:224.708;424.285;524.327;724.382;324.658;624.371;524.708;624.641;724.566;624.393;724.341;724.419;724.411;624.505;524.536;724.501;524.456;624.508;524.494;524.616;
82:221.193;422.142;521.524;420.991;521.813;521.619;520.796;320.265;521.9;322.493;520.277;421;322.532;721.505;521.943;722.227;422.082;621.462;522.344;422.843;
83:319.854;620.236;721.482;720.867;521.212;520.953;721.045;621.182;620.284;720.961;822.384;522.334;622.447;722.389;622.412;722.258;722.595;822.602;822.974;722.244;
84:122.973;422.845;423.228;523.247;523.248;523.233;723.091;523.778;523.506;723.631;623.556;723.256;623.613;623.741;723.779;523.82;623.657;623.381;721.046;623.735;
85:314.942;514.727;416.322;417.564;516.038;514.639;715.07;417.17;416.85;315.355;416.491;416.482;414.41;417.93;318.088;517.606;217.899;418.26;318.362;418.458;
86:424.449;624.188;624.471;724.511;624.547;724.498;724.598;524.569;724.492;624.618;824.628;724.62;824.649;824.681;724.702;724.765;1022.7;824.796;824.812;724.786;
87:212.805;214.322;415.481;215.573;214.925;215.434;315.575;116.426;215.969;315.316;214.413;211.498;215.174;116.419;215.605;215.688;117.193;215.609;216.968;217.178;
88:322.491;422.581;721.406;721.058;821.826;722.083;621.632;721.326;722.134;1020.17;821.84;821.842;822.548;722.582;822.572;722.746;822.226;722.587;722.703;821.947;
89:208.221;312.296;212.161;211.735;218;314.444;213.72;216.531;215.877;214.208;315.112;215.384;417.512;213.184;211.289;316.042;311.541;413.135;312.579;312.947;
90:222.934;523.029;423.124;423.261;523.449;423.325;623.465;523.253;523.375;523.495;523.704;523.693;423.847;523.747;423.945;624.018;724.158;624.209;624.194;624.224;
91:224.526;524.471;423.235;324.387;318.853;422.104;520.152;324.431;524.413;622.14;624.096;424.214;524.168;424.172;520.855;522.964;423.99;423.093;424.037;623.858;
92:224.446;424.353;524.214;524.141;724.292;624.39;524.37;724.268;524.243;424.329;624.346;824.356;424.18;424.174;724.164;424.278;523.983;524.197;624.176;524.381;
93:224.492;614.515;324.51;224.478;817.193;824.282;424.396;514.612;517.001;409.843;517.72;524.349;724.205;424.345;310.62;524.099;624.062;616.82;324.299;424.322;
94:424.737;524.699;624.674;624.735;424.779;624.71;724.735;624.721;524.768;624.699;524.653;624.721;524.757;624.761;524.775;524.737;424.774;524.783;524.795;524.833;
95:324.001;524.083;523.078;623.257;624.481;624.366;623.199;623.618;524.591;624.188;623.329;523.052;623.635;622.756;724.45;723.135;522.655;423.636;722.864;823.904;
96:124.486;324.581;324.657;324.559;424.613;324.511;324.562;324.56;424.583;424.577;424.594;324.633;324.617;524.506;324.634;324.663;324.598;324.655;224.699;224.649;
97:310.66;311.389;312.585;314.033;215.274;312.738;314.225;313.551;412.942;411.236;213.252;514.688;513.151;214.308;413.621;314.645;312.574;410.839;312.499;213.448;
98:221.688;521.425;320.909;321.444;321.528;221.225;620.699;520.903;420.799;620.794;320.412;320.964;319.73;520.867;520.932;420.998;521.074;521.073;721.425;621.248;
99:114.94;314.861;118.148;117.673;318.497;318.215;217.895;217.337;217.405;216.758;419.277;219.016;419.603;318.822;418.074;317.322;317.321;218.296;317.763;218.128;
