322.548
223.591
424.461
321.515
424.976
519.587
319.826
424.413
204.205
511.257
724.978
215.955
221.77
223.663
220.708
622.176
224.957
306.731
323.775
321.136
522.347
324.195
224.222
323.772
616.513
115.992
317.963
323.306
323.162
522.901
216.269
623.054
724.112
422.668
224.508
323.703
624.548
305.793
420.281
723.155
424.516
320.075
523.006
524.993
424.549
524.264
624.998
416.76
305.486
308.092
524.392
524.323
524.077
224.966
622.14
219.869
212.49
324.253
524.328
124.152
620.598
324.438
524.877
224.525
424.837
324.796
623.199
324.731
309.203
724.878
324.533
324.466
523.914
510.517
322.014
524.512
224.968
322.33
524.976
224.869
524.9
124.36
424.398
324.847
416.261
424.27
224.409
216.364
424.382
415.001
618.519
324.077
421.024
324.967
624.294
724.875
524.054
415.837
424.059
418.315
