323.065
417.13
324.382
524.979
224.466
513.977
122.037
422.337
216.481
524.633
523.832
524.541
208.466
314.983
324.466
203.075
414.294
224.88
121.063
410.83
324.819
524.242
121.152
223.096
220.147
222.157
424.243
224.83
24.7673
523.477
421.412
623.871
424.779
124.059
219.783
224.049
124.615
220.201
324.264
516.936
424.917
124.995
415.736
315.246
423.968
522.194
411.314
324.908
417.907
612.845
223.907
207.283
408.588
719.083
516.509
220.948
524.065
319.282
319.583
124.875
415.607
216.728
216.424
322.917
723.586
221.29
314.45
324.961
214.378
124.837
216.426
204.261
224.951
224.596
620.799
419.601
224.68
323.677
221.125
315.455
322.5
320.42
624.141
420.281
423.55
124.903
413.038
224.955
624.898
424.46
124.909
123.272
422.199
200.09
220.412
324.931
414.929
117.905
723.338
413.045
